0 0.2376182526432944 0.2521704814522494 0.06121313299944352 0.08445146014206788
0 0.23483583750695602 0.3812154696132597 0.06232609905397885 0.08050513022888714
0 0.2988313856427379 0.40923441199684296 0.05676126878130217 0.08129439621152329
0 0.24874791318864775 0.6104972375690608 0.06789092932665554 0.10023677979479084
0 0.4549248747913189 0.13378058405682716 0.07957707289927657 0.10339384372533544
0 0.5030606566499721 0.1282557221783741 0.07011686143572621 0.15074980268350435
0 0.6188091263216472 0.11247040252565114 0.06455203116304953 0.10339384372533544
0 0.6814134668892599 0.09234411996842937 0.06065664997217585 0.08839779005524862
0 0.6221480244852532 0.025256511444356748 0.07122982749026155 0.05367008681925809
0 0.9209794101279911 0.056037884767166535 0.09794101279910963 0.08681925808997633
0 0.9710628825820813 0.23875295974743488 0.05676126878130217 0.09076558800315707
0 0.7813021702838063 0.3914759273875296 0.06566499721758487 0.07892659826361484
0 0.19393433500278243 0.6349644830307813 0.0651085141903172 0.09865824782951854
0 0.8233166388425153 0.7794001578531965 0.07846410684474124 0.09865824782951854
0 0.8436282693377852 0.7691397000789266 0.07122982749026155 0.11128650355169692
0 0.8299944351697274 0.9250197316495659 0.07401224262659989 0.10734017363851618
1 0.22426265998887035 0.7407261247040252 0.01669449081803005 0.10970797158642462
1 0.9282136894824707 0.8914759273875296 0.037840845854201444 0.022888713496448304
1 0.5873678352810239 0.7261247040252565 0.028380634390651086 0.1941594317284925
1 0.5876460767946577 0.4925019731649566 0.0333889816360601 0.1468034727703236
1 0.589037284362827 0.2995264404104183 0.04618809126321647 0.14127861089187055
