0 0.2480916030534351 0.6413199426111909 0.04122137404580153 0.03730272596843615
0 0.24961832061068703 0.6793400286944046 0.050381679389312976 0.03299856527977044
0 0.416793893129771 0.6807747489239598 0.042748091603053436 0.03873744619799139
0 0.3763358778625954 0.7769010043041606 0.044274809160305344 0.03012912482065997
0 0.29770992366412213 0.7747489239598279 0.042748091603053436 0.03156384505021521
0 0.4717557251908397 0.8321377331420373 0.03969465648854962 0.03730272596843615
0 0.4816793893129771 0.7503586800573888 0.044274809160305344 0.03730272596843615
0 0.30229007633587784 0.5681492109038737 0.0366412213740458 0.03443328550932568
0 0.34961832061068704 0.8988522238163558 0.042748091603053436 0.04447632711621234
0 0.6458015267175573 0.6025824964131994 0.042748091603053436 0.03730272596843615
0 0.7206106870229008 0.6004304160688666 0.04580152671755725 0.035868005738880916
0 0.7282442748091603 0.6327116212338594 0.04580152671755725 0.040172166427546625
0 0.35877862595419846 0.36083213773314204 0.04885496183206107 0.04447632711621234
0 0.4122137404580153 0.23601147776183645 0.03969465648854962 0.03873744619799139
0 0.5068702290076336 0.14992826398852224 0.042748091603053436 0.03299856527977044
0 0.41068702290076337 0.14131994261119082 0.04580152671755725 0.03299856527977044
0 0.16946564885496182 0.1800573888091822 0.042748091603053436 0.035868005738880916
0 0.3366412213740458 0.2374461979913917 0.044274809160305344 0.03873744619799139
0 0.38549618320610685 0.20157819225251075 0.04122137404580153 0.03012912482065997
1 0.2267175572519084 0.040889526542324243 0.06259541984732825 0.024390243902439025
1 0.46564885496183206 0.040889526542324243 0.05801526717557252 0.03012912482065997
1 0.5389312977099237 0.3020086083213773 0.02748091603053435 0.04160688665710186
1 0.4549618320610687 0.3500717360114778 0.07022900763358779 0.02295552367288379
1 0.2633587786259542 0.35078909612625536 0.05648854961832061 0.024390243902439025
1 0.13587786259541984 0.35294117647058826 0.051908396946564885 0.02295552367288379
1 0.07862595419847328 0.25609756097560976 0.01984732824427481 0.04447632711621234
1 0.07786259541984733 0.29555236728837875 0.024427480916030534 0.040172166427546625
1 0.18244274809160305 0.08393113342898136 0.022900763358778626 0.05021520803443329
1 0.1801526717557252 0.13558106169296988 0.0183206106870229 0.05021520803443329
