0 0.34414990859232175 0.12663185378590078 0.05941499085923217 0.06005221932114883
0 0.34323583180987205 0.4471279373368146 0.0740402193784278 0.05613577023498695
0 0.23811700182815357 0.4425587467362924 0.06307129798903108 0.057441253263707574
0 0.34780621572212067 0.8322454308093995 0.07769652650822668 0.06919060052219321
0 0.3414076782449726 0.9118798955613577 0.06489945155393052 0.05613577023498695
0 0.3743144424131627 0.9712793733681462 0.044789762340036565 0.057441253263707574
0 0.019195612431444242 0.935378590078329 0.031078610603290677 0.10052219321148825
0 0.31078610603290674 0.7428198433420365 0.04021937842778794 0.08877284595300261
0 0.5680987202925045 0.9745430809399478 0.037477148080438755 0.05352480417754569
0 0.8276965265082267 0.5600522193211488 0.04661791590493602 0.0783289817232376
0 0.6672760511882998 0.4908616187989556 0.10054844606946983 0.07049608355091384
1 0.4556672760511883 0.15404699738903394 0.17641681901279707 0.044386422976501305
1 0.6841864716636198 0.15535248041775457 0.12157221206581353 0.04960835509138381
1 0.02330895795246801 0.7513054830287206 0.026508226691042046 0.11096605744125326
1 0.027422303473491772 0.5489556135770235 0.018281535648994516 0.15796344647519583
1 0.02696526508226691 0.32702349869451697 0.010054844606946984 0.15796344647519583
1 0.8171846435100548 0.9758485639686684 0.012797074954296161 0.050913838120104436
1 0.8171846435100548 0.9321148825065274 0.012797074954296161 0.04177545691906005
1 0.8190127970749543 0.6919060052219321 0.016453382084095063 0.18798955613577023
1 0.8190127970749543 0.8211488250652742 0.02010968921389397 0.06005221932114883
0 0.2906764168190128 0.8988250652741514 0.029250457038391225 0.030026109660574413
