0 0.056741028128031036 0.3945427728613569 0.055286129970902036 0.084070796460177
0 0.42870999030067897 0.193952802359882 0.06013579049466537 0.0752212389380531
0 0.8467507274490785 0.415929203539823 0.058195926285160036 0.09144542772861357
0 0.8695441319107663 0.5169616519174042 0.0533462657613967 0.07817109144542773
0 0.8477206595538312 0.6327433628318584 0.05625606207565471 0.09734513274336283
0 0.8108632395732299 0.7441002949852508 0.04655674102812803 0.05752212389380531
0 0.7255092143549952 0.799410029498525 0.0446168768186227 0.058997050147492625
0 0.635305528612997 0.6305309734513275 0.04655674102812803 0.09587020648967552
0 0.584384093113482 0.6268436578171092 0.05916585838991271 0.10324483775811209
0 0.3894277400581959 0.6393805309734514 0.055286129970902036 0.09292035398230089
0 0.4151309408341416 0.46533923303834807 0.052376333656644035 0.084070796460177
0 0.3399612027158099 0.4078171091445428 0.05140640155189137 0.06342182890855458
0 0.29049466537342383 0.38495575221238937 0.037827352085354024 0.07964601769911504
0 0.3060135790494665 0.773598820058997 0.055286129970902036 0.09587020648967552
0 0.3952473326867119 0.7743362831858407 0.06498545101842872 0.09734513274336283
1 0.22308438409311349 0.3008849557522124 0.02521823472356935 0.07669616519174041
1 0.4859359844810863 0.2234513274336283 0.07759456838021339 0.030973451327433628
1 0.22841901066925316 0.4218289085545723 0.02424830261881668 0.10619469026548672
1 0.3583899127061106 0.4786135693215339 0.01842870999030068 0.0752212389380531
1 0.6362754607177498 0.13053097345132744 0.19204655674102813 0.030973451327433628
1 0.8773035887487876 0.13126843657817108 0.09990300678952474 0.035398230088495575
1 0.9718719689621726 0.5014749262536873 0.023278370514064017 0.07374631268436578
1 0.8773035887487876 0.8738938053097345 0.07856450048496605 0.028023598820058997
1 0.7749757516973812 0.8702064896755162 0.0504364694471387 0.029498525073746312
1 0.6682832201745877 0.8716814159292036 0.07759456838021339 0.029498525073746312
1 0.5106692531522793 0.8716814159292036 0.09408341416100872 0.029498525073746312
1 0.12851600387972842 0.5125368731563422 0.11154219204655674 0.04277286135693215
