0 0.18612993224392188 0.22346119536128456 0.022319649262654444 0.05976806422836753
0 0.1500597847748107 0.41480820695807313 0.020326823435631726 0.05530776092774309
0 0.15384615384615385 0.46030330062444247 0.02869669190912714 0.0463871543264942
0 0.14986050219210842 0.5053523639607493 0.02869669190912714 0.05084745762711865
0 0.10083698684734954 0.6418376449598573 0.03268234356317258 0.05263157894736842
0 0.08648864089278598 0.7301516503122212 0.031088082901554404 0.06690454950936664
0 0.3662813870067756 0.8407671721677074 0.03188521323236349 0.0704727921498662
0 0.39697090474292546 0.21721677074041035 0.037465125548027105 0.07582515611061552
0 0.49820645675567954 0.471900089206066 0.03188521323236349 0.0695807314897413
0 0.4711040255081706 0.5454950936663693 0.023913909924272617 0.05798394290811775
0 0.3891988840175369 0.568242640499554 0.020326823435631726 0.049955396966993755
0 0.4101235552012754 0.5035682426404996 0.02869669190912714 0.05084745762711865
0 0.4037465125548027 0.4170383586083854 0.023116779593463532 0.05798394290811775
0 0.38023116779593463 0.41480820695807313 0.02949382223993623 0.060660124888492414
0 0.36687923475488243 0.6735057983942908 0.0219210840972499 0.07314897413024085
0 0.3696691909127142 0.7243532560214094 0.03387803905938621 0.058876003568242644
0 0.3696691909127142 0.7823371989295272 0.029892387405340774 0.05173951828724353
0 0.18632921482662415 0.6333630686886709 0.029892387405340774 0.0695807314897413
0 0.8421681944998007 0.487957181088314 0.036667995217218016 0.06422836752899197
0 0.9322439218812276 0.4232827832292596 0.03427660422479075 0.06512042818911686
0 0.7957353527301714 0.44201605709188224 0.023515344758868077 0.054415700267618196
1 0.14826624153049023 0.25111507582515613 0.03427660422479075 0.031222123104371096
1 0.23634914308489438 0.20205173951828725 0.03029095257074532 0.02408563782337199
1 0.26325229174970105 0.2016057091882248 0.029892387405340774 0.030330062444246207
1 0.2905540055799123 0.22033898305084745 0.015942606616181746 0.04817127564674398
1 0.3487445197289757 0.2502230151650312 0.04145077720207254 0.025869759143621766
1 0.44579513750498206 0.20205173951828725 0.03945795137504982 0.02408563782337199
1 0.4463929852530889 0.7087421944692239 0.037465125548027105 0.027653880463871544
1 0.40434436030290954 0.731935771632471 0.00996412913511359 0.03479036574487065
1 0.38660821044240734 0.8189116859946476 0.01434834595456357 0.021409455842997322
1 0.3457552809884416 0.8166815343443354 0.01634117178158629 0.02230151650312221
1 0.32762056596253486 0.7627118644067796 0.01434834595456357 0.06422836752899197
1 0.25229174970107615 0.7060660124888493 0.03347947389398167 0.027653880463871544
1 0.15404543642885613 0.7069580731489741 0.03945795137504982 0.027653880463871544
1 0.0657632522917497 0.631578947368421 0.01514547628537266 0.0695807314897413
1 0.0862893583100837 0.5816235504014273 0.026703866082104424 0.019625334522747548
1 0.10940613790354722 0.5499553969669938 0.01315265045834994 0.04906333630686887
1 0.10801115982463133 0.4830508474576271 0.01514547628537266 0.05084745762711865
1 0.20884814667198087 0.22212310437109722 0.023913909924272617 0.04103479036574487
1 0.9268632921482662 0.48840321141837645 0.01634117178158629 0.06868867082961641
1 0.5468314069350338 0.45896520963425513 0.010362694300518135 0.07760927743086529
