1 0.9301705756929638 0.39314516129032256 0.022388059701492536 0.05241935483870968
1 0.5927505330490405 0.8629032258064516 0.04477611940298507 0.04838709677419355
1 0.43017057569296374 0.8639112903225806 0.050106609808102345 0.05443548387096774
1 0.3187633262260128 0.8669354838709677 0.08742004264392324 0.04838709677419355
1 0.1711087420042644 0.8669354838709677 0.08208955223880597 0.04435483870967742
1 0.15405117270788912 0.28931451612903225 0.07995735607675906 0.034274193548387094
1 0.26545842217484006 0.28931451612903225 0.057569296375266525 0.05040322580645161
1 0.5426439232409381 0.19153225806451613 0.09594882729211088 0.05241935483870968
0 0.6551172707889126 0.5554435483870968 0.03731343283582089 0.10685483870967742
0 0.7153518123667377 0.5846774193548387 0.053304904051172705 0.07258064516129033
0 0.6412579957356077 0.7752016129032258 0.060767590618336885 0.07862903225806452
0 0.593816631130064 0.7046370967741935 0.046908315565031986 0.09879032258064516
0 0.8630063965884861 0.7701612903225806 0.10554371002132196 0.12096774193548387
0 0.13486140724946696 0.6663306451612904 0.03304904051172708 0.05443548387096774
0 0.18390191897654584 0.4838709677419355 0.035181236673773986 0.06451612903225806
0 0.2899786780383795 0.40423387096774194 0.042643923240938165 0.0625
0 0.32036247334754797 0.2913306451612903 0.03091684434968017 0.07459677419354839
0 0.43390191897654584 0.3387096774193548 0.04051172707889126 0.07258064516129033
0 0.5341151385927505 0.46068548387096775 0.021321961620469083 0.038306451612903226
0 0.5533049040511727 0.657258064516129 0.031982942430703626 0.056451612903225805
