0 0.24151363383416805 0.250197316495659 0.05676126878130217 0.06945540647198106
0 0.2395659432387312 0.3851617995264404 0.053978853644963826 0.06629834254143646
0 0.29716193656093487 0.40410418310970797 0.05787423483583751 0.09155485398579322
0 0.24819143016138007 0.606156274664562 0.07122982749026155 0.08681925808997633
0 0.19198664440734559 0.6373322809786898 0.06121313299944352 0.08918705603788477
0 0.46688925987757374 0.6286503551696921 0.045631608235948806 0.0749802683504341
0 0.46688925987757374 0.13338595106550907 0.07122982749026155 0.08366219415943173
0 0.4691151919866444 0.1393054459352802 0.05342237061769616 0.09076558800315707
0 0.5027824151363384 0.12115232833464877 0.07289927657206455 0.07971586424625099
0 0.6221480244852532 0.028413575374901343 0.06343906510851419 0.05209155485398579
0 0.6343906510851419 0.07300710339384373 0.025598219254312743 0.021310181531176007
0 0.6204785754034502 0.11523283346487766 0.06121313299944352 0.07261247040252565
0 0.6780745687256539 0.08484609313338595 0.0562047857540345 0.08760852407261246
0 0.9209794101279911 0.056827150749802685 0.0790205898720089 0.09155485398579322
0 0.9721758486366165 0.23717442778216258 0.04897050639955482 0.07813733228097869
0 0.9880356149137451 0.2628255722178374 0.021702838063439065 0.07261247040252565
0 0.8302726766833611 0.9329123914759274 0.07122982749026155 0.10734017363851618
0 0.8244296048970506 0.7849250197316495 0.06399554813578186 0.09076558800315707
0 0.8400111296605454 0.7762430939226519 0.06844741235392321 0.0749802683504341
0 0.7821368948247078 0.39344909234411996 0.06399554813578186 0.09865824782951854
1 0.5879243183082916 0.2991318074191002 0.03060656649972176 0.13417521704814522
1 0.5904284919309961 0.4972375690607735 0.02448525319977741 0.12470402525651145
1 0.5859766277128547 0.7265193370165746 0.03450194769059544 0.19337016574585636
1 0.9268224819143016 0.8891081294396211 0.03728436282693378 0.04814522494080505
1 0.224819143016138 0.7399368587213891 0.02003338898163606 0.10970797158642462
