0 0.29949238578680204 0.2802491103202847 0.05583756345177665 0.05516014234875445
0 0.1313451776649746 0.15480427046263345 0.044416243654822336 0.05338078291814947
0 0.09961928934010152 0.32562277580071175 0.03680203045685279 0.046263345195729534
0 0.1434010152284264 0.32562277580071175 0.03807106598984772 0.05693950177935943
0 0.14720812182741116 0.41725978647686834 0.04060913705583756 0.04804270462633452
0 0.14022842639593908 0.4893238434163701 0.046954314720812185 0.06761565836298933
0 0.2639593908629442 0.5293594306049823 0.04568527918781726 0.051601423487544484
0 0.04758883248730964 0.6779359430604982 0.03680203045685279 0.06405693950177936
0 0.04378172588832487 0.5302491103202847 0.044416243654822336 0.06405693950177936
0 0.27220812182741116 0.8816725978647687 0.05203045685279188 0.09074733096085409
0 0.30583756345177665 0.7686832740213523 0.0532994923857868 0.07829181494661921
0 0.3629441624365482 0.7197508896797153 0.04060913705583756 0.08362989323843416
0 0.4581218274111675 0.7064056939501779 0.04314720812182741 0.07473309608540925
0 0.623730964467005 0.7055160142348754 0.04949238578680203 0.07295373665480427
0 0.7893401015228426 0.5204626334519573 0.048223350253807105 0.07295373665480427
0 0.7925126903553299 0.3718861209964413 0.04949238578680203 0.07473309608540925
0 0.49048223350253806 0.3763345195729537 0.046954314720812185 0.0693950177935943
1 0.05012690355329949 0.15302491103202848 0.021573604060913704 0.046263345195729534
1 0.05456852791878172 0.22953736654804271 0.02284263959390863 0.042704626334519574
1 0.14276649746192893 0.08807829181494661 0.03426395939086294 0.030249110320284697
1 0.3052030456852792 0.09074733096085409 0.03680203045685279 0.028469750889679714
1 0.3236040609137056 0.1512455516014235 0.015228426395939087 0.12099644128113879
1 0.05456852791878172 0.36476868327402134 0.02284263959390863 0.07829181494661921
1 0.1484771573604061 0.8238434163701067 0.09390862944162437 0.03914590747330961
1 0.3686548223350254 0.8985765124555161 0.03680203045685279 0.03202846975088968
1 0.49238578680203043 0.896797153024911 0.10152284263959391 0.03558718861209965
1 0.6637055837563451 0.895017793594306 0.09390862944162437 0.03558718861209965
1 0.9270304568527918 0.641459074733096 0.021573604060913704 0.08718861209964412
1 0.8445431472081218 0.3905693950177936 0.05710659898477157 0.033807829181494664
1 0.5875634517766497 0.3959074733096085 0.14974619289340102 0.04092526690391459
1 0.39276649746192893 0.3069395017793594 0.12055837563451777 0.033807829181494664
1 0.45621827411167515 0.34519572953736655 0.0266497461928934 0.08185053380782918
