0 0.16278424847476428 0.47455621301775147 0.079312257348863 0.13254437869822486
0 0.6131447587354409 0.9449704142011834 0.0704381586245147 0.11005917159763313
0 0.6608430393788131 0.9467455621301775 0.064891846921797 0.10177514792899409
0 0.8674431503050472 0.8153846153846154 0.06100942872989462 0.13727810650887573
0 0.9290072102052135 0.7656804733727811 0.0632279534109817 0.11834319526627218
0 0.930116472545757 0.9366863905325444 0.06100942872989462 0.1289940828402367
0 0.714087631724903 0.33313609467455624 0.064891846921797 0.1242603550295858
0 0.516916250693289 0.36863905325443785 0.057681641708264 0.1455621301775148
0 0.6270105379922352 0.7402366863905325 0.06821963394342762 0.15739644970414202
1 0.1896838602329451 0.2964497041420118 0.022185246810870772 0.19763313609467456
1 0.19190238491403216 0.6994082840236686 0.03105934553521908 0.2603550295857988
1 0.9628397115917915 0.47692307692307695 0.026622296173044926 0.21775147928994082
