0 0.32242063492063494 0.36975524475524474 0.07936507936507936 0.13111888111888112
0 0.25396825396825395 0.4833916083916084 0.08928571428571429 0.12412587412587413
0 0.4166666666666667 0.791958041958042 0.06547619047619048 0.10839160839160839
0 0.4384920634920635 0.8837412587412588 0.07142857142857142 0.1381118881118881
0 0.4479166666666667 0.46153846153846156 0.06646825396825397 0.1258741258741259
0 0.5386904761904762 0.4965034965034965 0.08134920634920635 0.10839160839160839
0 0.8898809523809523 0.42132867132867136 0.08134920634920635 0.12937062937062938
1 0.8645833333333334 0.8216783216783217 0.04662698412698413 0.32167832167832167
1 0.06448412698412699 0.2368881118881119 0.031746031746031744 0.19755244755244755
1 0.0625 0.6538461538461539 0.027777777777777776 0.32167832167832167
