0 0.33527583527583527 0.28962188254223653 0.05827505827505827 0.05309734513274336
0 0.19852369852369853 0.16049879324215607 0.061383061383061384 0.04424778761061947
0 0.2937062937062937 0.16251005631536605 0.04040404040404041 0.0418342719227675
0 0.14335664335664336 0.28640386162510056 0.02097902097902098 0.035398230088495575
0 0.15306915306915306 0.28801287208366855 0.04972804972804973 0.04344328238133548
0 0.0947940947940948 0.3499597747385358 0.04972804972804973 0.054706355591311345
0 0.09362859362859363 0.39460981496379727 0.04428904428904429 0.050683829444891394
0 0.20473970473970474 0.34553499597747384 0.05672105672105672 0.04424778761061947
1 0.3411033411033411 0.47385358004827033 0.14296814296814297 0.035398230088495575
1 0.6802641802641802 0.4742558326629123 0.07381507381507381 0.02333065164923572
1 0.9386169386169386 0.2900241351568785 0.020202020202020204 0.10378117457763475
1 0.5543900543900544 0.2944489139179405 0.02097902097902098 0.07240547063555913
0 0.45376845376845376 0.7506033789219629 0.04040404040404041 0.03700724054706356
0 0.4518259518259518 0.8081255028157683 0.041181041181041184 0.04585679806918745
0 0.08741258741258741 0.2590506838294449 0.030303030303030304 0.032180209171359615
1 0.14957264957264957 0.10780370072405471 0.06604506604506605 0.02413515687851971
1 0.45454545454545453 0.1902654867256637 0.023310023310023312 0.1086082059533387
1 0.3679098679098679 0.665728077232502 0.02564102564102564 0.03459372485921158
0 0.5979020979020979 0.35559131134352373 0.03496503496503497 0.05148833467417538
0 0.6522921522921523 0.34432823813354785 0.052059052059052056 0.04827031375703942
0 0.7082362082362083 0.335880933226066 0.03496503496503497 0.03781174577634755
0 0.743978243978244 0.35358004827031375 0.03651903651903652 0.039420756234915526
0 0.7804972804972805 0.34553499597747384 0.041181041181041184 0.050683829444891394
0 0.7703962703962703 0.23049074818986323 0.02564102564102564 0.03459372485921158
0 0.682983682983683 0.22807723250201126 0.046620046620046623 0.036202735317779566
0 0.5664335664335665 0.414722445695897 0.04351204351204351 0.06033789219629927
1 0.5885780885780886 0.47304907481898634 0.05982905982905983 0.019308125502815767
