0 0.29331779331779334 0.16532582461786002 0.03341103341103341 0.04585679806918745
0 0.20202020202020202 0.16613032984714401 0.04040404040404041 0.050683829444891394
0 0.23154623154623155 0.1572807723250201 0.03108003108003108 0.02333065164923572
0 0.26223776223776224 0.1588897827835881 0.02564102564102564 0.02172164119066774
0 0.3337218337218337 0.2908286403861625 0.0473970473970474 0.05551086082059534
0 0.08313908313908314 0.2590506838294449 0.03418803418803419 0.03378921962992759
0 0.14063714063714064 0.28801287208366855 0.023310023310023312 0.0418342719227675
0 0.11926961926961926 0.33105390185036204 0.04584304584304584 0.04424778761061947
0 0.09712509712509712 0.3515687851971038 0.048174048174048176 0.04666130329847144
0 0.09324009324009325 0.3938053097345133 0.04351204351204351 0.05229283990345937
0 0.20279720279720279 0.3467417538213998 0.045066045066045064 0.04022526146419952
0 0.21561771561771562 0.333467417538214 0.05827505827505827 0.05551086082059534
0 0.6006216006216006 0.3572003218020917 0.037296037296037296 0.03700724054706356
0 0.5707070707070707 0.4086886564762671 0.0473970473970474 0.06596942880128721
0 0.743978243978244 0.35277554304102976 0.03807303807303807 0.042638777152051485
0 0.7816627816627817 0.34432823813354785 0.04195804195804196 0.04666130329847144
0 0.6534576534576535 0.3463395012067578 0.048174048174048176 0.04746580852775543
0 0.7097902097902098 0.33145615446500404 0.041181041181041184 0.0418342719227675
0 0.6996891996891997 0.3934030571198713 0.03651903651903652 0.04022526146419952
0 0.45376845376845376 0.8089300080450523 0.03418803418803419 0.03781174577634755
0 0.45104895104895104 0.7522123893805309 0.042735042735042736 0.03700724054706356
0 0.7711732711732712 0.23049074818986323 0.03341103341103341 0.0249396621078037
0 0.6915306915306916 0.2325020112630732 0.029526029526029528 0.027353177795655673
1 0.9370629370629371 0.2904263877715205 0.03418803418803419 0.0997586484312148
1 0.6860916860916861 0.4750603378921963 0.06216006216006216 0.015285599356395816
1 0.5854700854700855 0.4758648431214803 0.06915306915306915 0.01850362027353178
1 0.5547785547785548 0.28962188254223653 0.020202020202020204 0.06757843925985518
1 0.3655788655788656 0.66934835076428 0.03341103341103341 0.04505229283990346
1 0.3395493395493395 0.47264682220434434 0.128982128982129 0.01850362027353178
1 0.4491064491064491 0.1922767497988737 0.027972027972027972 0.11263073209975864
1 0.15306915306915306 0.11142397425583267 0.07148407148407149 0.02011263073209976
